PAR Project:

================================================================================
Test              Original                   Randoop
================================================================================
1                 0, 0
2                 1949, 1, 1                 ERROR while running intruder
3                 0, 0
4                 1838, 1, 3                 2321, 2, 5
5                 0, 0
6                 2216, 1, 1                 2791, 1, 1
7                 2504, 1, 1                 Randoop Unable to Generate Test
8                 2633, 1, 1                 3242, 1, 0
9                 0, 0
10                0, 0
11                0, 0
12                0, 0
13                0, 0

C1                159744, 9,  27             97559, 8, 19
                  64044,  11, 33
                  
C8                35959,  7,  47             21217, 2,  2
                                             21441, 10, 7

format: [time in ms], [test count], [violation count] 
================================================================================
